2CE_gs                                         Thu Oct 1Mon Aug 03 15:23:33 2026
  30 16508    5    0    0.0000E+000    1.0000E+002    1.0000E+000 1.0000000000
a   4  9  ,    ,  , ,    ,    ,   ,     ,    ,,,,
        10000  1.274796192873863E+004 1.00000000E+003 /A_gs
        20000  3.505789126939850E+003 1.00000000E+002 /B_gs
        30000  2.981257712459618E+003 1.00000000E+002 /C_gs
          200 -2.963697144975852E-003 1.00000000E+000 /-DJ_gs
         1100  1.456521460273033E-002 1.00000000E+000 /-DJK_gs
         2000 -5.092344376303352E-002 1.00000000E+000 /-DK_gs
        40100 -7.366538259692540E-004 1.00000000E+000 /-dJ_gs
        41000 -7.629681355233307E-003 1.00000000E+000 /-dK_gs
          300 -2.864196231408816E-009 1.00000000E+000 /HJ_gs
         1200  9.245434061839609E-008 1.00000000E+000 /HJK_gs
         2100 -6.785465521161075E-007 1.00000000E+000 /HKJ_gs
         3000  1.592493119416851E-006 1.00000000E+000 /HK_gs
        40200 -8.511055079803363E-010 1.00000000E+000 /hJ_gs
        41100 -4.525966670127948E-008 1.00000000E+000 /hJK_gs
        42000  3.243136559391946E-007 1.00000000E+000 /hK_gs
          400  2.044599718968818E-014 1.00000000E+000 /LJ_gs
         1300  3.340976805712626E-013 1.00000000E+000 /LJJK_gs
         2200 -5.867547847136295E-012 1.00000000E+000 /LJK_gs
         3100  3.265392025926320E-011 1.00000000E+000 /LKKJ_gs
         4000 -6.707518657817610E-011 1.00000000E+000 /LK_gs
        40300  8.983621130291703E-015 1.00000000E+000 /lJ_gs
        41200 -1.261574884037481E-013 1.00000000E+000 /lJK_gs
        42100  8.032651872847353E-012 1.00000000E+000 /lKJ_gs
        43000  2.441372257290830E-011 1.00000000E+000 /lK_gs
    110010000 -2.866070205114127E+001 1.00000000E+000 /3chi.aa/2
    110040000 -1.111782683433928E+001 1.00000000E+000 /chi.b-c/4
    110610000  4.933312178617062E+001 1.00000000E+000 /chi.ab_gs
    110210000 -1.480451785021946E+001 1.00000000E+000 /chi.bc_gs
    110410000  1.483338187814662E+001 1.00000000E+000 /chi.ac_gs
            0  0.000000000000000E+000 1.00000000E-037 /E_gs
